1758101224770 0.7213592233009709 0
1758101624085 0.5072815533980582 1
1758102001863 0.4995145631067961 2
1758102379779 0.5208737864077669 3
1758102757937 0.5135922330097087 4
1758103136548 0.49902912621359224 5
1758103515220 0.49902912621359224 6
1758103893807 0.47815533980582525 7
1758104271651 0.5179611650485437 8
1758104649481 0.5014563106796116 9
1758105027262 0.5213592233009708 10
1758105405307 0.4883495145631068 11
1758105783176 0.5121359223300971 12
1758106161147 0.49271844660194175 13
1758106538857 0.48592233009708735 14
1758106916723 0.5242718446601942 15
1758107294436 0.49854368932038834 16
1758107672093 0.49902912621359224 17
1758108049930 0.487378640776699 18
1758108427730 0.5155339805825243 19
1758108805456 0.48592233009708735 20
1758109183269 0.5033980582524272 21
1758109561047 0.4956310679611651 22
1758109938949 0.5281553398058253 23
1758110316715 0.4810679611650485 24
1758110694427 0.4878640776699029 25
1758111072242 0.5024271844660194 26
1758111449854 0.491747572815534 27
1758111827631 0.49029126213592233 28
1758112205247 0.4980582524271845 29
1758112582919 0.4912621359223301 30
1758112960450 0.49223300970873785 31
1758113338034 0.49320388349514566 32
1758113715495 0.4893203883495146 33
1758114093131 0.49902912621359224 34
1758114470753 0.5111650485436893 35
1758114848415 0.5004854368932039 36
1758115225998 0.5174757281553398 37
1758115603603 0.4995145631067961 38
1758115981414 0.5072815533980582 39
1758116358971 0.5266990291262136 40
1758116736670 0.5116504854368932 41
1758117114270 0.4883495145631068 42
1758117491802 0.512621359223301 43
1758117869527 0.4912621359223301 44
1758118247102 0.5087378640776699 45
1758118624681 0.48592233009708735 46
1758119002103 0.4849514563106796 47
1758119379661 0.491747572815534 48
1758119757172 0.48980582524271843 49
