1758101224772 0.6482843137254903 0
1758101624087 0.007820136852394917 1
1758102001865 0.0 2
1758102379781 0.006042296072507552 3
1758102757938 0.00199203187250996 4
1758103136550 0.0 5
1758103515223 0.003861003861003861 6
1758103893810 0.0037071362372567197 7
1758104271653 0.0020100502512562816 8
1758104649483 0.0 9
1758105027263 0.0 10
1758105405309 0.0 11
1758105783178 0.0 12
1758106161149 0.0 13
1758106538859 0.0 14
1758106916725 0.0 15
1758107294438 0.0 16
1758107672095 0.0 17
1758108049932 0.0 18
1758108427732 0.0 19
1758108805458 0.0 20
1758109183270 0.0 21
1758109561049 0.0 22
1758109938952 0.0 23
1758110316717 0.0 24
1758110694429 0.0 25
1758111072244 0.0 26
1758111449856 0.0 27
1758111827633 0.0 28
1758112205248 0.0 29
1758112582921 0.0 30
1758112960452 0.0 31
1758113338036 0.0 32
1758113715498 0.0 33
1758114093133 0.0 34
1758114470755 0.0 35
1758114848417 0.0 36
1758115226000 0.0 37
1758115603605 0.0 38
1758115981416 0.0 39
1758116358973 0.0 40
1758116736671 0.0 41
1758117114272 0.0 42
1758117491804 0.0 43
1758117869528 0.0 44
1758118247104 0.0 45
1758118624683 0.0 46
1758119002106 0.0 47
1758119379662 0.0 48
1758119757173 0.0 49
