1758182363477 0.8838383838383839 0
1758183050618 0.9572031344183243 1
1758183698922 0.970919881305638 2
1758184346530 0.7655536028119508 3
1758184966324 0.11910926980838943 4
1758185585923 0.08333333333333334 5
1758186205714 0.0816326530612245 6
1758186824551 0.05829596412556053 7
1758187443822 0.0878524945770065 8
1758188063140 0.07549234135667396 9
1758188682371 0.07456140350877193 10
1758189301542 0.047508690614136734 11
1758189920526 0.040137614678899085 12
1758190539594 0.030624263839811542 13
1758191158531 0.04171364148816234 14
1758191777235 0.04677060133630289 15
1758192396037 0.06134969325153375 16
1758193014908 0.06819452207937395 17
1758193633977 0.04352806414662085 18
1758194252866 0.034702139965297855 19
1758194871392 0.09934497816593887 20
1758195489920 0.031746031746031744 21
1758196108422 0.0059382422802850355 22
1758196726909 0.04796430563301729 23
1758197345442 0.02985074626865672 24
1758197963865 0.019710144927536234 25
1758198582482 0.022118742724097785 26
1758199200744 0.06153846153846154 27
1758199819146 0.022366097704532076 28
1758200437264 0.014840182648401826 29
1758201055715 0.07667731629392971 30
1758201673740 0.08528784648187633 31
1758202292135 0.013189448441247002 32
1758202909693 0.05629139072847682 33
1758203527703 0.008333333333333333 34
1758204145586 0.0477815699658703 35
1758204763662 0.05086580086580087 36
1758205381765 0.04709936817920735 37
1758205999990 0.04431486880466472 38
1758206617714 0.00935125657510228 39
1758207235812 0.046511627906976744 40
1758207853917 0.011357183418512209 41
1758208472115 0.01107011070110701 42
1758209090153 0.050466264399341744 43
1758209708085 0.009318578916715201 44
1758210325752 0.007177033492822966 45
1758210943857 0.008073817762399078 46
1758211561857 0.001156737998843262 47
1758212180050 0.0023432923257176333 48
1758212798013 0.0011883541295306002 49
