1758182363476 0.8913171884229178 0
1758183050616 0.9580626107501476 1
1758183698920 0.9710572947430597 2
1758184346529 0.8030124040165387 3
1758184966323 0.4976373301831069 4
1758185585922 0.5062020082693444 5
1758186205712 0.5082693443591259 6
1758186824550 0.5038393384524513 7
1758187443820 0.503248670998228 8
1758188063138 0.5008860011813349 9
1758188682369 0.5014766686355582 10
1758189301541 0.5144713526284702 11
1758189920524 0.505611340815121 12
1758190539592 0.5138806851742469 13
1758191158528 0.49793266391021856 14
1758191777232 0.4943886591848789 15
1758192396035 0.5029533372711164 16
1758193014906 0.5076786769049025 17
1758193633975 0.5067926757235677 18
1758194252865 0.5070880094506792 19
1758194871390 0.5126993502658004 20
1758195489918 0.49556999409332547 21
1758196108420 0.505611340815121 22
1758196726908 0.4958653278204371 23
1758197345440 0.5008860011813349 24
1758197963863 0.5005906674542233 25
1758198582480 0.5038393384524513 26
1758199200742 0.49556999409332547 27
1758199819145 0.5094506792675724 28
1758200437262 0.490253987005316 29
1758201055713 0.48789131718842293 30
1758201673739 0.4932073242764324 31
1758202292133 0.5138806851742469 32
1758202909691 0.4949793266391022 33
1758203527701 0.5079740106320142 34
1758204145583 0.505611340815121 35
1758204763660 0.4819846426461902 36
1758205381764 0.5100413467217956 37
1758205999989 0.5159480212640284 38
1758206617712 0.49940933254577674 39
1758207235810 0.5035440047253397 40
1758207853915 0.48582398109864144 41
1758208472113 0.5251033668044891 42
1758209090152 0.48877731836975785 43
1758209708084 0.4976373301831069 44
1758210325750 0.509746012994684 45
1758210943855 0.4920259893679858 46
1758211561855 0.48995865327820437 47
1758212180048 0.49704666272888365 48
1758212798011 0.5035440047253397 49
