1758097434964 0.5582010582010583 0
1758097507566 0.5132275132275133 1
1758097577381 0.4894179894179894 2
1758097647122 0.5211640211640212 3
1758097717002 0.5052910052910053 4
1758097786801 0.5291005291005291 5
1758097856739 0.46825396825396826 6
1758097926554 0.544973544973545 7
1758097996365 0.5052910052910053 8
1758098066180 0.5026455026455027 9
1758098135954 0.4708994708994709 10
1758098205801 0.5026455026455027 11
1758098275640 0.5026455026455027 12
1758098345382 0.47619047619047616 13
1758098415430 0.544973544973545 14
1758098485276 0.5291005291005291 15
1758098555096 0.4973544973544973 16
1758098624868 0.5291005291005291 17
1758098694753 0.5264550264550265 18
1758098764744 0.4708994708994709 19
1758098834565 0.5052910052910053 20
1758098904578 0.5079365079365079 21
1758098974472 0.5396825396825397 22
1758099044442 0.5 23
1758099114317 0.4497354497354497 24
1758099184085 0.5238095238095238 25
1758099253947 0.5026455026455027 26
1758099323694 0.5052910052910053 27
1758099393497 0.5291005291005291 28
1758099463323 0.5105820105820106 29
1758099533475 0.5079365079365079 30
1758099603204 0.5132275132275133 31
1758099673027 0.5105820105820106 32
1758099742815 0.544973544973545 33
1758099812673 0.5132275132275133 34
1758099882433 0.5079365079365079 35
1758099952319 0.48148148148148145 36
1758100022198 0.5158730158730159 37
1758100092122 0.5052910052910053 38
1758100161992 0.4947089947089947 39
1758100231971 0.4947089947089947 40
1758100301831 0.5052910052910053 41
1758100371926 0.5132275132275133 42
1758100441851 0.5105820105820106 43
1758100511786 0.5264550264550265 44
1758100581682 0.4947089947089947 45
1758100651528 0.4947089947089947 46
1758100721407 0.4947089947089947 47
1758100791280 0.5158730158730159 48
1758100861077 0.4947089947089947 49
