1758097434965 0.4221453287197232 0
1758097507568 0.16363636363636364 1
1758097577382 0.10232558139534882 2
1758097647124 0.05235602094240838 3
1758097717003 0.06965174129353233 4
1758097786803 0.03260869565217391 5
1758097856741 0.01951219512195122 6
1758097926556 0.1134020618556701 7
1758097996367 0.010582010582010581 8
1758098066182 0.0 9
1758098135956 0.029126213592233007 10
1758098205803 0.020833333333333332 11
1758098275642 0.0 12
1758098345384 0.0 13
1758098415432 0.0 14
1758098485278 0.0 15
1758098555098 0.0 16
1758098624870 0.0 17
1758098694755 0.0 18
1758098764746 0.038461538461538464 19
1758098834566 0.0 20
1758098904580 0.0 21
1758098974474 0.0 22
1758099044444 0.010471204188481674 23
1758099114319 0.0 24
1758099184087 0.0 25
1758099253949 0.0 26
1758099323695 0.0 27
1758099393499 0.0 28
1758099463325 0.0 29
1758099533477 0.05102040816326531 30
1758099603207 0.0 31
1758099673029 0.0 32
1758099742817 0.07526881720430108 33
1758099812675 0.0 34
1758099882435 0.0 35
1758099952320 0.0 36
1758100022200 0.0 37
1758100092124 0.0 38
1758100161994 0.010362694300518135 39
1758100231972 0.030456852791878174 40
1758100301832 0.0 41
1758100371927 0.0 42
1758100441852 0.0 43
1758100511788 0.0 44
1758100581684 0.0 45
1758100651530 0.0 46
1758100721408 0.0 47
1758100791281 0.0 48
1758100861079 0.0 49
