1754899651486 0.703016241299304 0
1754899704571 0.9350348027842227 1
1754899754661 0.9767981438515081 2
1754899807908 0.9930394431554525 3
1754899844387 0.9976798143851509 4
1754899879777 0.9976798143851509 5
1754899915364 1.0 6
1754899950972 1.0 7
1754899986389 1.0 8
1754900021857 1.0 9
1754900057289 1.0 10
1754900092733 1.0 11
1754900128111 1.0 12
1754900180403 1.0 13
1754900215797 1.0 14
1754900251207 1.0 15
1754900286620 1.0 16
1754900334428 1.0 17
1754900381072 0.9976798143851509 18
1754900416448 0.9976798143851509 19
1754900451903 1.0 20
1754900487369 1.0 21
1754900522813 1.0 22
1754900558291 1.0 23
1754900593895 1.0 24
1754900629343 1.0 25
1754900664841 0.9976798143851509 26
1754900700270 1.0 27
1754900735735 1.0 28
1754900771187 1.0 29
1754900806674 1.0 30
1754900842171 1.0 31
1754900877648 1.0 32
1754900913060 1.0 33
