1754899651490 0.5362318840579711 0
1754899704576 0.9270833333333334 1
1754899754665 0.9738219895287958 2
1754899807912 0.9927360774818402 3
1754899844391 0.9977924944812362 4
1754899879781 0.9977528089887641 5
1754899915368 1.0 6
1754899950976 1.0 7
1754899986393 1.0 8
1754900021861 1.0 9
1754900057293 1.0 10
1754900092738 1.0 11
1754900128115 1.0 12
1754900180408 1.0 13
1754900215802 1.0 14
1754900251211 1.0 15
1754900286624 1.0 16
1754900334432 1.0 17
1754900381076 0.9976019184652278 18
1754900416453 0.9977426636568849 19
1754900451908 1.0 20
1754900487373 1.0 21
1754900522817 1.0 22
1754900558295 1.0 23
1754900593900 1.0 24
1754900629347 1.0 25
1754900664846 0.9975786924939467 26
1754900700274 1.0 27
1754900735738 1.0 28
1754900771192 1.0 29
1754900806677 1.0 30
1754900842174 1.0 31
1754900877651 1.0 32
1754900913064 1.0 33
