1755044377021 0.882108183079057 0
1755044592402 0.9827420901246405 1
1755044764560 0.9919924634950542 2
1755044948851 0.9975429975429975 3
1755045132998 0.9977074736359468 4
1755045306608 0.9990610328638497 5
1755045479836 0.9933962264150944 6
1755045669077 0.9976336961665878 7
1755045858331 0.9995410738871042 8
1755046046471 1.0 9
1755046218908 0.9943127962085309 10
1755046390844 0.9995381062355658 11
1755046577645 1.0 12
1755046748873 1.0 13
1755046921413 1.0 14
1755047092678 1.0 15
1755047264564 1.0 16
1755047435591 1.0 17
1755047606336 1.0 18
1755047777786 0.9995324918186068 19
1755047948351 0.9995194617972128 20
1755048118921 0.9875 21
1755048291591 0.9995372512725589 22
1755048462209 1.0 23
1755048633731 1.0 24
1755048805784 1.0 25
1755048976918 1.0 26
1755049150686 1.0 27
1755049324695 1.0 28
1755049499298 1.0 29
1755049671169 1.0 30
1755049846347 1.0 31
1755050022294 1.0 32
1755050192825 1.0 33
1755050363413 1.0 34
1755050533899 1.0 35
1755050704332 1.0 36
1755050874814 1.0 37
1755051045298 1.0 38
1755051215807 1.0 39
1755051386406 1.0 40
1755051556861 1.0 41
1755051727878 1.0 42
1755051898558 1.0 43
1755052069530 1.0 44
1755052240046 1.0 45
1755052410682 1.0 46
1755052581308 1.0 47
1755052753112 1.0 48
1755052925168 1.0 49
