1755044377017 0.8798869524258125 0
1755044592398 0.9830428638718794 1
1755044764556 0.9919924634950542 2
1755044948846 0.9976448422044277 3
1755045132993 0.9976448422044277 4
1755045306604 0.999057936881771 5
1755045479831 0.9934055581723975 6
1755045669072 0.9976448422044277 7
1755045858327 0.9995289684408856 8
1755046046466 1.0 9
1755046218904 0.9943476212906265 10
1755046390840 0.9995289684408856 11
1755046577641 1.0 12
1755046748868 1.0 13
1755046921409 1.0 14
1755047092674 1.0 15
1755047264560 1.0 16
1755047435586 1.0 17
1755047606332 1.0 18
1755047777780 0.9995289684408856 19
1755047948347 0.9995289684408856 20
1755048118917 0.987753179463024 21
1755048291587 0.9995289684408856 22
1755048462206 1.0 23
1755048633726 1.0 24
1755048805780 1.0 25
1755048976914 1.0 26
1755049150682 1.0 27
1755049324689 1.0 28
1755049499294 1.0 29
1755049671164 1.0 30
1755049846344 1.0 31
1755050022290 1.0 32
1755050192822 1.0 33
1755050363409 1.0 34
1755050533895 1.0 35
1755050704327 1.0 36
1755050874810 1.0 37
1755051045294 1.0 38
1755051215802 1.0 39
1755051386402 1.0 40
1755051556857 1.0 41
1755051727874 1.0 42
1755051898554 1.0 43
1755052069526 1.0 44
1755052240042 1.0 45
1755052410678 1.0 46
1755052581303 1.0 47
1755052753109 1.0 48
1755052925164 1.0 49
