1755053205833 0.845360824742268 0
1755053553034 0.971027216856892 1
1755053838016 0.9884032114183765 2
1755054123413 0.98989898989899 3
1755054410162 0.996956786366403 4
1755054681640 0.9975201487910725 5
1755054952980 0.9968217278243281 6
1755055240601 0.9982404692082112 7
1755055511938 0.9971048060220035 8
1755055783301 0.9981740718198417 9
1755056071671 0.998769987699877 10
1755056342960 0.997404095760023 11
1755056614324 0.9972981086760733 12
1755056888256 0.9994068801897984 13
1755057159684 0.9975535168195718 14
1755057432446 0.9985255086994987 15
1755057706708 0.9984862246442628 16
1755057980287 0.9979417818288738 17
1755058266111 0.9985255086994985 18
1755058537885 0.9976442873969376 19
1755058809467 0.9985114617445667 20
1755059081029 0.998805256869773 21
1755059352639 0.9985167606051617 22
1755059626463 0.998282770463652 23
1755059899989 0.9985718366181091 24
1755060173018 0.9979123173277662 25
1755060445132 1.0 26
1755060716844 0.9985255086994985 27
1755060989613 0.9981981981981982 28
1755061262090 0.9988372093023256 29
1755061534971 0.9997128911857593 30
1755061806950 0.9991179064980887 31
1755062078648 0.9993964996982498 32
1755062351022 0.9988571428571429 33
1755062626075 0.9982025164769323 34
1755062897711 0.9990982867448152 35
1755063169283 0.9994001199760048 36
1755063440944 0.9988023952095808 37
1755063713895 0.9991042102120036 38
1755063985912 0.998805256869773 39
1755064271216 1.0 40
1755064542913 0.9988551803091014 41
1755064815761 0.999709386806161 42
1755065088648 0.9997078586035641 43
1755065360164 0.9982373678025851 44
1755065631768 0.9994158878504673 45
1755065903211 0.9991281604184831 46
1755066174641 0.998813056379822 47
1755066446068 0.9994138335287222 48
1755066717442 0.9994172494172494 49
