1755053205829 0.8626698168930892 0
1755053553030 0.970761961015948 1
1755053838012 0.9884819846426461 2
1755054123408 0.9896633195510928 3
1755054410158 0.9970466627288836 4
1755054681636 0.997637330183107 5
1755054952975 0.996751329001772 6
1755055240598 0.9982279976373302 7
1755055511933 0.9970466627288836 8
1755055783296 0.9982279976373302 9
1755056071666 0.9988186650915535 10
1755056342955 0.9973419964559953 11
1755056614320 0.9973419964559953 12
1755056888251 0.9994093325457767 13
1755057159680 0.997637330183107 14
1755057432442 0.9985233313644418 15
1755057706705 0.9985233313644418 16
1755057980283 0.9979326639102185 17
1755058266107 0.9985233313644418 18
1755058537881 0.997637330183107 19
1755058809464 0.9985233313644418 20
1755059081024 0.9988186650915535 21
1755059352634 0.9985233313644418 22
1755059626459 0.9982279976373302 23
1755059899985 0.9985233313644418 24
1755060173013 0.9979326639102185 25
1755060445128 1.0 26
1755060716840 0.9985233313644418 27
1755060989609 0.9982279976373302 28
1755061262086 0.9988186650915535 29
1755061534967 0.9997046662728883 30
1755061806945 0.9991139988186651 31
1755062078644 0.9994093325457767 32
1755062351018 0.9988186650915535 33
1755062626071 0.9982279976373302 34
1755062897707 0.9991139988186651 35
1755063169279 0.9994093325457767 36
1755063440940 0.9988186650915535 37
1755063713891 0.9991139988186651 38
1755063985909 0.9988186650915535 39
1755064271210 1.0 40
1755064542908 0.9988186650915535 41
1755064815757 0.9997046662728883 42
1755065088644 0.9997046662728883 43
1755065360158 0.9982279976373302 44
1755065631763 0.9994093325457767 45
1755065903205 0.9991139988186651 46
1755066174636 0.9988186650915535 47
1755066446063 0.9994093325457767 48
1755066717437 0.9994093325457767 49
