1754088224474 0.7377220480668756 0
1754088334913 0.8717391304347827 1
1754088426718 0.9254984260230851 2
1754088517732 0.9440175631174533 3
1754088591587 0.9757709251101322 4
1754088665553 0.9845814977973567 5
1754088756672 0.9933920704845814 6
1754088830633 0.9967707212055975 7
1754088904616 0.9976958525345622 8
1754088978580 0.9988776655443322 9
1754089052558 0.9989350372736955 10
1754089126497 0.9988700564971752 11
1754089200394 1.0 12
1754089289915 0.9988249118683901 13
1754089378921 0.9988276670574443 14
1754089452792 0.9978021978021978 15
1754089526743 0.9957446808510638 16
1754089600733 0.9977011494252873 17
1754089674684 1.0 18
1754089748631 0.9989701338825953 19
1754089822598 0.9989023051591658 20
1754089896503 1.0 21
1754089970478 1.0 22
1754090044392 0.9988597491448118 23
1754090118291 0.997872340425532 24
1754090192283 0.9988776655443322 25
1754090266210 1.0 26
1754090340087 1.0 27
1754090413960 1.0 28
1754090487808 1.0 29
1754090561687 1.0 30
1754090635600 1.0 31
1754090709484 0.9978991596638656 32
1754090783363 1.0 33
1754090874582 1.0 34
1754090948465 0.9989023051591658 35
1754091022353 0.9988776655443322 36
1754091096294 1.0 37
1754091170215 1.0 38
1754091244124 1.0 39
