1754088224471 0.7250821467688937 0
1754088334910 0.8707557502738226 1
1754088426713 0.9222343921139102 2
1754088517729 0.9441401971522454 3
1754088591583 0.9759036144578314 4
1754088665549 0.9846659364731654 5
1754088756668 0.9934282584884995 6
1754088830629 0.9967141292442497 7
1754088904612 0.9978094194961665 8
1754088978576 0.9989047097480832 9
1754089052553 0.9989047097480832 10
1754089126493 0.9989047097480832 11
1754089200388 1.0 12
1754089289912 0.9989047097480832 13
1754089378917 0.9989047097480832 14
1754089452789 0.9978094194961665 15
1754089526738 0.9956188389923329 16
1754089600728 0.9978094194961665 17
1754089674681 1.0 18
1754089748627 0.9989047097480832 19
1754089822594 0.9989047097480832 20
1754089896500 1.0 21
1754089970474 1.0 22
1754090044388 0.9989047097480832 23
1754090118288 0.9978094194961665 24
1754090192279 0.9989047097480832 25
1754090266206 1.0 26
1754090340083 1.0 27
1754090413957 1.0 28
1754090487804 1.0 29
1754090561683 1.0 30
1754090635596 1.0 31
1754090709481 0.9978094194961665 32
1754090783360 1.0 33
1754090874578 1.0 34
1754090948461 0.9989047097480832 35
1754091022349 0.9989047097480832 36
1754091096291 1.0 37
1754091170211 1.0 38
1754091244120 1.0 39
