1754058165594 0.7298474945533769 0
1754058270251 0.8444976076555023 1
1754058351534 0.9165739710789766 2
1754058418854 0.9383561643835616 3
1754058503438 0.9704918032786887 4
1754058570818 0.9734104046242775 5
1754058638201 0.9797377830750893 6
1754058705613 0.9952038369304557 7
1754058773035 0.9892729439809297 8
1754058840439 0.9963459196102314 9
1754058907832 0.9987849331713243 10
1754058975257 0.9942726231386024 11
1754059042674 0.9987639060568604 12
1754059110032 0.9962917181705809 13
1754059177402 0.9953051643192488 14
1754059244819 0.9976635514018692 15
1754059312241 1.0 16
1754059379682 0.9987789987789988 17
1754059447103 0.9976359338061466 18
1754059514480 0.9948717948717949 19
1754059581861 0.9988623435722412 20
1754059649306 0.9987789987789988 21
1754059716727 1.0 22
1754059784087 1.0 23
1754059851495 0.9986996098829649 24
1754059918912 0.9988492520138089 25
1754059986334 0.9988776655443322 26
1754060053722 1.0 27
1754060121131 1.0 28
1754060188510 0.9988331388564761 29
1754060255908 0.9953051643192488 30
1754060323274 0.9987995198079231 31
1754060390721 1.0 32
1754060458105 0.9988385598141696 33
1754060525497 1.0 34
1754060592953 0.9976580796252927 35
1754060660349 1.0 36
1754060727776 1.0 37
1754060795213 0.9987669543773119 38
1754060862699 1.0 39
