1754058165590 0.7019230769230769 0
1754058270246 0.84375 1
1754058351531 0.9098557692307693 2
1754058418850 0.9350961538461539 3
1754058503433 0.9675480769230769 4
1754058570814 0.9723557692307693 5
1754058638198 0.9795673076923077 6
1754058705609 0.9951923076923077 7
1754058773030 0.9891826923076923 8
1754058840435 0.9963942307692307 9
1754058907828 0.9987980769230769 10
1754058975254 0.9939903846153846 11
1754059042670 0.9987980769230769 12
1754059110028 0.9963942307692307 13
1754059177397 0.9951923076923077 14
1754059244815 0.9975961538461539 15
1754059312237 1.0 16
1754059379678 0.9987980769230769 17
1754059447099 0.9975961538461539 18
1754059514475 0.9951923076923077 19
1754059581857 0.9987980769230769 20
1754059649302 0.9987980769230769 21
1754059716723 1.0 22
1754059784082 1.0 23
1754059851491 0.9987980769230769 24
1754059918908 0.9987980769230769 25
1754059986330 0.9987980769230769 26
1754060053718 1.0 27
1754060121127 1.0 28
1754060188506 0.9987980769230769 29
1754060255904 0.9951923076923077 30
1754060323270 0.9987980769230769 31
1754060390717 1.0 32
1754060458101 0.9987980769230769 33
1754060525494 1.0 34
1754060592948 0.9975961538461539 35
1754060660345 1.0 36
1754060727772 1.0 37
1754060795209 0.9987980769230769 38
1754060862695 1.0 39
