1754882734171 0.7295108519598317 0
1754883081497 0.8871715610510047 1
1754883360113 0.933649289099526 2
1754883634891 0.9521178637200737 3
1754883899213 0.9689213893967092 4
1754884180153 0.9730873903840339 5
1754884445806 0.9864705882352941 6
1754884709823 0.9877450980392156 7
1754884972904 0.9892340818209782 8
1754885254499 0.9928770517187984 9
1754885520178 0.9904232313870868 10
1754885790950 0.9934477379095165 11
1754886061527 0.9916948631190402 12
1754886324852 0.9932926829268294 13
1754886590419 0.9941231054747912 14
1754886853246 0.9928147453920649 15
1754887117014 0.9957575757575758 16
1754887380514 0.996319018404908 17
1754887643603 0.9957002457002456 18
1754887922219 0.9966817496229261 19
1754888184165 0.9970255800118977 20
1754888462139 0.9965975873801423 21
1754888723954 0.9963811821471652 22
1754888985835 0.997840172786177 23
1754889247746 0.9951749095295537 24
1754889509608 0.997673065735893 25
1754889771483 0.9981927710843373 26
1754890046027 0.997628927089508 27
1754890324390 0.9984505732878834 28
1754890586320 0.9960617994547105 29
1754890848216 0.9975859987929995 30
1754891110142 0.9981807155852032 31
1754891372051 0.9969678593086719 32
1754891633921 0.9978534191965654 33
1754891895819 0.9978145488604434 34
1754892157796 0.9947449768160742 35
1754892420674 0.998176291793313 36
1754892684770 0.9981916817359856 37
1754892946677 0.9981583793738489 38
1754893209190 0.9997005091344713 39
1754893472061 0.9984917043740573 40
1754893734329 0.997867803837953 41
1754893996272 0.9985350131848814 42
1754894258431 0.9993800371977681 43
1754894521255 0.9990922844175493 44
1754894787349 0.9966288691388294 45
1754895049549 0.9991009889121967 46
1754895314998 0.9993808049535604 47
1754895579541 0.9981971153846154 48
1754895841562 0.9976076555023922 49
