1754882734166 0.7454268292682927 0
1754883081494 0.8887195121951219 1
1754883360109 0.9317073170731708 2
1754883634885 0.9524390243902439 3
1754883899208 0.9689024390243902 4
1754884180147 0.9728658536585366 5
1754884445802 0.9859756097560975 6
1754884709819 0.9878048780487805 7
1754884972900 0.989329268292683 8
1754885254493 0.9929878048780488 9
1754885520172 0.9905487804878049 10
1754885790944 0.9935975609756098 11
1754886061523 0.9917682926829269 12
1754886324846 0.9932926829268293 13
1754886590415 0.9942073170731708 14
1754886853242 0.9929878048780488 15
1754887117009 0.9957317073170732 16
1754887380510 0.9963414634146341 17
1754887643599 0.9957317073170732 18
1754887922214 0.9966463414634147 19
1754888184161 0.9969512195121951 20
1754888462133 0.9966463414634147 21
1754888723950 0.9963414634146341 22
1754888985831 0.9978658536585366 23
1754889247742 0.9951219512195122 24
1754889509603 0.9975609756097561 25
1754889771477 0.9981707317073171 26
1754890046023 0.9975609756097561 27
1754890324386 0.9984756097560976 28
1754890586315 0.9960365853658537 29
1754890848211 0.9975609756097561 30
1754891110136 0.9981707317073171 31
1754891372047 0.9969512195121951 32
1754891633917 0.9978658536585366 33
1754891895814 0.9978658536585366 34
1754892157792 0.9948170731707318 35
1754892420670 0.9981707317073171 36
1754892684766 0.9981707317073171 37
1754892946673 0.9981707317073171 38
1754893209184 0.9996951219512196 39
1754893472056 0.9984756097560976 40
1754893734324 0.9978658536585366 41
1754893996266 0.9984756097560976 42
1754894258427 0.999390243902439 43
1754894521251 0.9990853658536586 44
1754894787344 0.9966463414634147 45
1754895049545 0.9990853658536586 46
1754895314994 0.999390243902439 47
1754895579538 0.9981707317073171 48
1754895841558 0.9975609756097561 49
