1754038221156 0.7678676904902539 0
1754038441977 0.9844357976653696 1
1754038626606 0.9871244635193133 2
1754038809481 0.9935483870967742 3
1754038992248 0.9969040247678018 4
1754039157223 0.9985486211901307 5
1754039322181 0.9995185363505055 6
1754039487204 0.998019801980198 7
1754039652235 0.9966297544535387 8
1754039817381 0.9970873786407768 9
1754039982619 0.9990601503759399 10
1754040147899 0.9976269577598481 11
1754040313191 0.9994997498749374 12
1754040478579 0.9995180722891567 13
1754040644076 0.9985639061752035 14
1754040809539 0.9985528219971057 15
1754040974829 0.9990291262135923 16
1754041140024 0.9995176073323685 17
1754041305165 0.9989949748743718 18
1754041470420 0.999001996007984 19
1754041635630 0.9995129079396006 20
1754041800947 0.9995017438963627 21
1754041966198 0.999009900990099 22
1754042131501 0.9990147783251232 23
1754042296773 1.0 24
1754042462083 1.0 25
1754042627386 0.9990375360923965 26
1754042792718 0.9985330073349633 27
1754042958020 0.9985141158989599 28
1754043123297 0.9994987468671679 29
1754043301958 0.9995147986414362 30
1754043467248 0.9990338164251208 31
1754043632521 0.9985214391325776 32
1754043797857 0.9990089197224975 33
1754043963150 0.9990403071017274 34
1754044128494 0.995768688293371 35
1754044293824 0.9985415653864853 36
1754044459209 0.9995022399203584 37
1754044624619 1.0 38
1754044789991 1.0 39
