1754038221153 0.8092233009708738 0
1754038441973 0.9844660194174757 1
1754038626602 0.9868932038834951 2
1754038809477 0.9936893203883496 3
1754038992244 0.9970873786407767 4
1754039157219 0.9985436893203884 5
1754039322177 0.9995145631067961 6
1754039487199 0.9980582524271845 7
1754039652231 0.9966019417475728 8
1754039817377 0.9970873786407767 9
1754039982615 0.9990291262135922 10
1754040147895 0.9975728155339806 11
1754040313188 0.9995145631067961 12
1754040478572 0.9995145631067961 13
1754040644072 0.9985436893203884 14
1754040809536 0.9985436893203884 15
1754040974826 0.9990291262135922 16
1754041140021 0.9995145631067961 17
1754041305161 0.9990291262135922 18
1754041470417 0.9990291262135922 19
1754041635627 0.9995145631067961 20
1754041800943 0.9995145631067961 21
1754041966194 0.9990291262135922 22
1754042131497 0.9990291262135922 23
1754042296768 1.0 24
1754042462078 1.0 25
1754042627381 0.9990291262135922 26
1754042792715 0.9985436893203884 27
1754042958017 0.9985436893203884 28
1754043123293 0.9995145631067961 29
1754043301954 0.9995145631067961 30
1754043467244 0.9990291262135922 31
1754043632517 0.9985436893203884 32
1754043797853 0.9990291262135922 33
1754043963145 0.9990291262135922 34
1754044128491 0.9956310679611651 35
1754044293819 0.9985436893203884 36
1754044459204 0.9995145631067961 37
1754044624615 1.0 38
1754044789987 1.0 39
