1754036480257 0.7111111111111111 0
1754036524095 0.9157894736842106 1
1754036572107 0.6395939086294415 2
1754036602648 0.4597701149425287 3
1754036633268 0.42483660130718953 4
1754036663949 0.7735368956743004 5
1754036694696 0.9526462395543176 6
1754036737183 0.9855072463768114 7
1754036767890 0.5308310991957105 8
1754036798733 0.549618320610687 9
1754036829488 0.48137535816618915 10
1754036860331 0.7626666666666666 11
1754036891101 0.9722222222222221 12
1754036921880 0.9831460674157303 13
1754036952640 0.9973890339425587 14
1754036983379 0.9947916666666666 15
1754037014145 1.0 16
1754037044908 1.0 17
1754037075676 0.9973333333333333 18
1754037106450 1.0 19
1754037137223 0.9974424552429668 20
1754037167975 0.9896907216494846 21
1754037198733 0.9919999999999999 22
1754037229497 0.9922077922077923 23
1754037260255 0.9942196531791907 24
1754037291002 0.9972602739726028 25
1754037321773 0.9973045822102425 26
1754037352551 1.0 27
1754037383304 1.0 28
1754037426666 0.9974424552429668 29
1754037457412 0.9974937343358395 30
1754037488634 1.0 31
1754037519502 0.9970326409495549 32
1754037550401 1.0 33
1754037581187 0.9953271028037384 34
1754037612709 1.0 35
1754037654776 0.9868073878627968 36
1754037685632 1.0 37
1754037716419 1.0 38
1754037747289 0.9974160206718347 39
1754037778136 1.0 40
1754037809037 1.0 41
1754037839899 0.9972299168975068 42
1754037870905 1.0 43
1754037901732 0.9971830985915493 44
1754037932602 1.0 45
1754037963432 1.0 46
1754037994260 1.0 47
1754038025075 1.0 48
1754038055942 1.0 49
