1754036480254 0.6904761904761905 0
1754036524092 0.9153439153439153 1
1754036572104 0.6243386243386243 2
1754036602644 0.5026455026455027 3
1754036633265 0.5343915343915344 4
1754036663946 0.7645502645502645 5
1754036694692 0.955026455026455 6
1754036737180 0.9867724867724867 7
1754036767887 0.5370370370370371 8
1754036798729 0.5317460317460317 9
1754036829484 0.5211640211640212 10
1754036860327 0.7645502645502645 11
1754036891097 0.9735449735449735 12
1754036921877 0.9841269841269841 13
1754036952637 0.9973544973544973 14
1754036983376 0.9947089947089947 15
1754037014142 1.0 16
1754037044904 1.0 17
1754037075673 0.9973544973544973 18
1754037106446 1.0 19
1754037137219 0.9973544973544973 20
1754037167972 0.9894179894179894 21
1754037198730 0.9920634920634921 22
1754037229494 0.9920634920634921 23
1754037260251 0.9947089947089947 24
1754037290998 0.9973544973544973 25
1754037321769 0.9973544973544973 26
1754037352548 1.0 27
1754037383300 1.0 28
1754037426662 0.9973544973544973 29
1754037457408 0.9973544973544973 30
1754037488631 1.0 31
1754037519499 0.9973544973544973 32
1754037550398 1.0 33
1754037581184 0.9947089947089947 34
1754037612706 1.0 35
1754037654773 0.9867724867724867 36
1754037685628 1.0 37
1754037716414 1.0 38
1754037747285 0.9973544973544973 39
1754037778133 1.0 40
1754037809033 1.0 41
1754037839894 0.9973544973544973 42
1754037870901 1.0 43
1754037901728 0.9973544973544973 44
1754037932598 1.0 45
1754037963428 1.0 46
1754037994256 1.0 47
1754038025071 1.0 48
1754038055938 1.0 49
