1754060906582 0.532150776053215 0
1754060946963 0.5367965367965368 1
1754060981975 0.4383561643835616 2
1754061032953 0.5399568034557236 3
1754061068484 0.4010989010989011 4
1754061103490 0.5090909090909091 5
1754061138535 0.5215189873417722 6
1754061173568 0.34523809523809523 7
1754061208589 0.45 8
1754061243652 0.5170731707317073 9
1754061278700 0.5270270270270271 10
1754061313736 0.5176991150442477 11
1754061348789 0.5573033707865168 12
1754061383832 0.517162471395881 13
1754061418886 0.5203619909502262 14
1754061453946 0.5395348837209302 15
1754061489027 0.5601851851851851 16
1754061524045 0.628099173553719 17
1754061559061 0.38764044943820225 18
1754061594156 0.47838616714697413 19
1754061629207 0.5520833333333333 20
1754061664243 0.5421412300683371 21
1754061699313 0.5429362880886427 22
1754061734361 0.5571725571725572 23
1754061769451 0.49509803921568624 24
1754061804460 0.6451612903225807 25
1754061839511 0.529126213592233 26
1754061874506 0.5434298440979956 27
1754061909551 0.5798525798525799 28
1754061944620 0.532967032967033 29
1754061979639 0.48466257668711654 30
1754062014683 0.4888888888888888 31
1754062049750 0.4923076923076923 32
1754062084808 0.510989010989011 33
1754062119873 0.5414634146341464 34
1754062154974 0.45762711864406774 35
1754062190047 0.5597964376590331 36
1754062225136 0.4685714285714286 37
1754062260197 0.5045045045045045 38
1754062295235 0.5247524752475248 39
1754062330328 0.5916870415647922 40
1754062365375 0.5398457583547558 41
1754062400425 0.5684754521963824 42
1754062435491 0.6396181384248211 43
1754062470561 0.5 44
1754062505635 0.5730659025787964 45
1754062540705 0.5222551928783383 46
1754062592312 0.5652173913043478 47
1754062627289 0.4647058823529412 48
1754062662337 0.4535315985130111 49
1754062697401 0.5443037974683544 50
1754062732481 0.49056603773584895 51
1754062767562 0.5164835164835164 52
1754062802620 0.48936170212765956 53
1754062837716 0.4797687861271676 54
1754062872781 0.5148514851485149 55
1754062907915 0.6424242424242425 56
1754062942993 0.5934065934065933 57
1754062978054 0.4682080924855492 58
1754063013133 0.39762611275964393 59
