1754060906578 0.5104408352668214 0
1754060946958 0.5034802784222738 1
1754060981971 0.5243619489559165 2
1754061032949 0.505800464037123 3
1754061068480 0.494199535962877 4
1754061103486 0.4988399071925754 5
1754061138530 0.5614849187935035 6
1754061173564 0.4895591647331787 7
1754061208585 0.4895591647331787 8
1754061243648 0.5406032482598608 9
1754061278696 0.5127610208816705 10
1754061313733 0.494199535962877 11
1754061348786 0.54292343387471 12
1754061383829 0.5104408352668214 13
1754061418883 0.5081206496519721 14
1754061453941 0.5406032482598608 15
1754061489022 0.5591647331786543 16
1754061524041 0.5823665893271461 17
1754061559057 0.494199535962877 18
1754061594151 0.580046403712297 19
1754061629203 0.6009280742459396 20
1754061664240 0.5336426914153132 21
1754061699308 0.617169373549884 22
1754061734356 0.505800464037123 23
1754061769446 0.5220417633410673 24
1754061804455 0.5406032482598608 25
1754061839507 0.5498839907192575 26
1754061874503 0.5243619489559165 27
1754061909547 0.6032482598607889 28
1754061944616 0.605568445475638 29
1754061979635 0.6102088167053364 30
1754062014680 0.6264501160092807 31
1754062049745 0.617169373549884 32
1754062084804 0.5870069605568445 33
1754062119869 0.5638051044083526 34
1754062154970 0.5545243619489559 35
1754062190043 0.5986078886310905 36
1754062225131 0.568445475638051 37
1754062260193 0.617169373549884 38
1754062295231 0.5545243619489559 39
1754062330325 0.6125290023201856 40
1754062365371 0.5846867749419954 41
1754062400422 0.6125290023201856 42
1754062435486 0.6496519721577726 43
1754062470556 0.642691415313225 44
1754062505632 0.654292343387471 45
1754062540702 0.6264501160092807 46
1754062592308 0.5359628770301624 47
1754062627285 0.5777262180974478 48
1754062662334 0.6589327146171694 49
1754062697396 0.665893271461717 50
1754062732475 0.6241299303944315 51
1754062767558 0.5916473317865429 52
1754062802616 0.665893271461717 53
1754062837711 0.5823665893271461 54
1754062872777 0.6589327146171694 55
1754062907911 0.7262180974477959 56
1754062942989 0.6566125290023201 57
1754062978050 0.5730858468677494 58
1754063013130 0.5290023201856149 59
