1758150160195 0.5744234800838575 0
1758150359511 0.5806451612903225 1
1758150512433 0.6077140169332079 2
1758150665079 0.5975024015369836 3
1758150817766 0.598095238095238 4
1758150970603 0.5827814569536425 5
1758151123295 0.6576500422654269 6
1758151275952 0.6550290939318371 7
1758151428518 0.6529411764705882 8
1758151581112 0.6287952987267384 9
1758151760112 0.6962457337883959 10
1758151944559 0.715962441314554 11
1758152221421 0.8053204353083434 12
1758152401162 0.904933814681107 13
1758152553866 0.9315068493150684 14
1758152706600 0.9785202863961814 15
1758152859419 0.9903846153846153 16
1758153012089 0.9880952380952381 17
1758153164731 0.9951923076923077 18
1758153317343 0.9976470588235293 19
1758153501848 0.9987908101571946 20
1758153683099 0.9960578186596584 21
1758153835839 0.9987760097919216 22
1758153988636 1.0 23
1758154141236 1.0 24
1758154293960 1.0 25
1758154446674 1.0 26
1758154599248 1.0 27
1758154752013 1.0 28
1758154904607 1.0 29
1758155057411 1.0 30
1758155209969 1.0 31
1758155362614 1.0 32
1758155515356 1.0 33
1758155667956 1.0 34
1758155820616 1.0 35
1758155973406 1.0 36
1758156126117 1.0 37
1758156278842 1.0 38
1758156431458 1.0 39
1758156584159 1.0 40
1758156736798 1.0 41
1758156889403 1.0 42
1758157042066 1.0 43
1758157194784 1.0 44
1758157347312 1.0 45
1758157499960 1.0 46
1758157652474 1.0 47
1758157804984 1.0 48
1758157957638 1.0 49
