1758150160193 0.5120192307692307 0
1758150359508 0.484375 1
1758150512432 0.4987980769230769 2
1758150665078 0.4963942307692308 3
1758150817764 0.49278846153846156 4
1758150970601 0.4699519230769231 5
1758151123293 0.5132211538461539 6
1758151275950 0.5012019230769231 7
1758151428516 0.5745192307692307 8
1758151581111 0.5444711538461539 9
1758151760110 0.6790865384615384 10
1758151944552 0.7091346153846154 11
1758152221419 0.8064903846153846 12
1758152401160 0.9050480769230769 13
1758152553864 0.9338942307692307 14
1758152706597 0.9783653846153846 15
1758152859417 0.9903846153846154 16
1758153012087 0.9879807692307693 17
1758153164729 0.9951923076923077 18
1758153317340 0.9975961538461539 19
1758153501847 0.9987980769230769 20
1758153683097 0.9963942307692307 21
1758153835838 0.9987980769230769 22
1758153988634 1.0 23
1758154141235 1.0 24
1758154293957 1.0 25
1758154446672 1.0 26
1758154599245 1.0 27
1758154752011 1.0 28
1758154904604 1.0 29
1758155057409 1.0 30
1758155209967 1.0 31
1758155362612 1.0 32
1758155515354 1.0 33
1758155667954 1.0 34
1758155820613 1.0 35
1758155973403 1.0 36
1758156126116 1.0 37
1758156278840 1.0 38
1758156431455 1.0 39
1758156584157 1.0 40
1758156736796 1.0 41
1758156889401 1.0 42
1758157042063 1.0 43
1758157194782 1.0 44
1758157347311 1.0 45
1758157499958 1.0 46
1758157652472 1.0 47
1758157804981 1.0 48
1758157957634 1.0 49
