1754872367064 0.7071823204419889 0
1754872419684 0.8828337874659401 1
1754872467636 0.9680851063829786 2
1754872498899 0.9863760217983651 3
1754872540743 0.9848942598187311 4
1754872582050 0.9897959183673469 5
1754872614131 0.9872773536895675 6
1754872661841 1.0 7
1754872704813 1.0 8
1754872736286 1.0 9
1754872768352 0.9974293059125964 10
1754872799962 0.9946524064171123 11
1754872831206 1.0 12
1754872862458 1.0 13
1754872893707 1.0 14
1754872925242 1.0 15
1754872956491 0.9898477157360407 16
1754872988017 0.9928400954653939 17
1754873019306 0.9970326409495549 18
1754873050550 0.9974811083123425 19
1754873081814 0.9974937343358395 20
1754873128029 1.0 21
1754873159249 1.0 22
1754873190562 1.0 23
1754873222264 1.0 24
1754873253651 1.0 25
1754873284932 1.0 26
1754873316269 1.0 27
1754873347607 1.0 28
1754873378893 0.9948979591836735 29
1754873410206 1.0 30
1754873441469 1.0 31
1754873472873 1.0 32
1754873504192 1.0 33
1754873535606 0.9974160206718347 34
1754873566939 1.0 35
1754873598258 1.0 36
1754873629561 1.0 37
1754873660875 1.0 38
1754873692180 1.0 39
1754873723453 1.0 40
1754873754770 1.0 41
1754873786072 1.0 42
1754873817416 1.0 43
1754873848721 1.0 44
1754873880104 1.0 45
1754873912178 0.9820971867007673 46
1754873943485 0.9948717948717948 47
1754873987624 0.9972299168975068 48
1754874018937 0.9975308641975309 49
