1754872367060 0.7195767195767195 0
1754872419676 0.8862433862433863 1
1754872467632 0.9682539682539683 2
1754872498893 0.9867724867724867 3
1754872540736 0.9867724867724867 4
1754872582043 0.9894179894179894 5
1754872614127 0.9867724867724867 6
1754872661832 1.0 7
1754872704810 1.0 8
1754872736282 1.0 9
1754872768348 0.9973544973544973 10
1754872799958 0.9947089947089947 11
1754872831202 1.0 12
1754872862454 1.0 13
1754872893702 1.0 14
1754872925238 1.0 15
1754872956488 0.9894179894179894 16
1754872988013 0.9920634920634921 17
1754873019302 0.9973544973544973 18
1754873050546 0.9973544973544973 19
1754873081810 0.9973544973544973 20
1754873128026 1.0 21
1754873159245 1.0 22
1754873190558 1.0 23
1754873222259 1.0 24
1754873253646 1.0 25
1754873284928 1.0 26
1754873316265 1.0 27
1754873347602 1.0 28
1754873378888 0.9947089947089947 29
1754873410201 1.0 30
1754873441465 1.0 31
1754873472868 1.0 32
1754873504188 1.0 33
1754873535602 0.9973544973544973 34
1754873566934 1.0 35
1754873598253 1.0 36
1754873629556 1.0 37
1754873660871 1.0 38
1754873692176 1.0 39
1754873723449 1.0 40
1754873754765 1.0 41
1754873786067 1.0 42
1754873817408 1.0 43
1754873848712 1.0 44
1754873880098 1.0 45
1754873912172 0.9814814814814815 46
1754873943482 0.9947089947089947 47
1754873987620 0.9973544973544973 48
1754874018932 0.9973544973544973 49
