1758120349888 0.8700925630386211 0
1758121030692 0.9383025367992482 1
1758121631963 0.9669082886857863 2
1758122261907 0.9760705289672544 3
1758122888356 0.985392574558734 4
1758123489504 0.9837572785779957 5
1758124090509 0.9913846153846154 6
1758124691563 0.9915227629513343 7
1758125292440 0.9899482180932074 8
1758125893249 0.9894355568970721 9
1758126494068 0.9898866074164879 10
1758127094924 0.9935085007727975 11
1758127695787 0.9947254111076637 12
1758128296604 0.9960594119430131 13
1758128897272 0.9924623115577889 14
1758129497899 0.9960329569728411 15
1758130098846 0.9950920245398772 16
1758130699703 0.9963122311001844 17
1758131300383 0.9937965260545906 18
1758131900936 0.9943670323154463 19
1758132501535 0.9933734939759036 20
1758133102193 0.9984222152098454 21
1758133702816 0.9927095990279464 22
1758134303567 0.991161231331911 23
1758134904197 0.9978922011442337 24
1758135504642 0.9943925233644859 25
1758136105489 0.9971383147853735 26
1758136706110 0.9948779752937633 27
1758137306997 0.998780487804878 28
1758137907722 0.9969641772920461 29
1758138508749 0.9953860350661334 30
1758139109399 0.9966350565922301 31
1758139710150 0.9990834097158571 32
1758140311574 1.0 33
1758140912836 1.0 34
1758141514235 1.0 35
1758142115345 1.0 36
1758142716034 1.0 37
1758143316758 1.0 38
1758143917631 1.0 39
1758144517955 1.0 40
1758145118105 1.0 41
1758145717995 1.0 42
1758146318093 1.0 43
1758146918303 1.0 44
1758147518615 1.0 45
1758148119203 1.0 46
1758148719388 1.0 47
1758149319932 1.0 48
1758149920216 1.0 49
