1758120349886 0.8759146341463414 0
1758121030690 0.9399390243902439 1
1758121631961 0.9679878048780488 2
1758122261905 0.9768292682926829 3
1758122888353 0.9853658536585366 4
1758123489501 0.9838414634146342 5
1758124090507 0.9914634146341463 6
1758124691560 0.9917682926829269 7
1758125292438 0.989939024390244 8
1758125893247 0.989329268292683 9
1758126494066 0.989939024390244 10
1758127094922 0.9935975609756098 11
1758127695785 0.9948170731707318 12
1758128296603 0.9960365853658537 13
1758128897270 0.9926829268292683 14
1758129497898 0.9960365853658537 15
1758130098844 0.9951219512195122 16
1758130699702 0.9963414634146341 17
1758131300381 0.9939024390243902 18
1758131900934 0.9942073170731708 19
1758132501534 0.9932926829268293 20
1758133102192 0.9984756097560976 21
1758133702814 0.9926829268292683 22
1758134303565 0.9911585365853659 23
1758134904196 0.9978658536585366 24
1758135504641 0.9945121951219512 25
1758136105487 0.9972560975609757 26
1758136706107 0.9948170731707318 27
1758137306995 0.998780487804878 28
1758137907720 0.9969512195121951 29
1758138508746 0.9954268292682927 30
1758139109397 0.9966463414634147 31
1758139710148 0.9990853658536586 32
1758140311571 1.0 33
1758140912834 1.0 34
1758141514233 1.0 35
1758142115344 1.0 36
1758142716032 1.0 37
1758143316756 1.0 38
1758143917630 1.0 39
1758144517953 1.0 40
1758145118103 1.0 41
1758145717993 1.0 42
1758146318090 1.0 43
1758146918301 1.0 44
1758147518613 1.0 45
1758148119201 1.0 46
1758148719386 1.0 47
1758149319930 1.0 48
1758149920213 1.0 49
