1753851949256 0.7414330218068536 0
1753851991327 0.9395604395604396 1
1753852039526 0.9859943977591036 2
1753852070136 0.9832402234636872 3
1753852116949 0.9949748743718593 4
1753852162241 0.9915492957746479 5
1753852193554 0.9973333333333333 6
1753852225208 0.9973333333333333 7
1753852263327 0.9946524064171123 8
1753852299465 0.9947916666666666 9
1753852330605 0.9943181818181818 10
1753852361998 0.9868766404199474 11
1753852393411 0.9893048128342246 12
1753852432324 0.9947089947089947 13
1753852468595 1.0 14
1753852501065 1.0 15
1753852532365 1.0 16
1753852563760 1.0 17
1753852599602 1.0 18
1753852639808 1.0 19
1753852674244 1.0 20
1753852705651 1.0 21
1753852737656 1.0 22
1753852768992 1.0 23
1753852807100 1.0 24
1753852846226 1.0 25
1753852881199 1.0 26
1753852913009 1.0 27
1753852944298 1.0 28
1753852975900 1.0 29
1753853016018 1.0 30
