1753851949254 0.7804232804232805 0
1753851991325 0.9417989417989417 1
1753852039524 0.9867724867724867 2
1753852070134 0.9841269841269841 3
1753852116947 0.9947089947089947 4
1753852162239 0.9920634920634921 5
1753852193550 0.9973544973544973 6
1753852225204 0.9973544973544973 7
1753852263319 0.9947089947089947 8
1753852299461 0.9947089947089947 9
1753852330597 0.9947089947089947 10
1753852361995 0.9867724867724867 11
1753852393288 0.9894179894179894 12
1753852432322 0.9947089947089947 13
1753852468582 1.0 14
1753852501062 1.0 15
1753852532362 1.0 16
1753852563749 1.0 17
1753852599598 1.0 18
1753852639797 1.0 19
1753852674241 1.0 20
1753852705644 1.0 21
1753852737653 1.0 22
1753852768989 1.0 23
1753852807093 1.0 24
1753852846214 1.0 25
1753852881197 1.0 26
1753852913007 1.0 27
1753852944295 1.0 28
1753852975895 1.0 29
1753853016013 1.0 30
