1754063179654 0.8930758360810175 0
1754063398573 0.9806877060763071 1
1754063585896 0.9853980216674517 2
1754063757097 0.9773904851625059 3
1754063940955 0.9957607159679699 4
1754064111309 0.9962317475270843 5
1754064281628 0.9910504003768252 6
1754064451884 0.9839849269901083 7
1754064622146 0.9971738106453132 8
1754064792428 0.9952896844088553 9
1754064962659 0.999057936881771 10
1754065149669 0.9967027790861988 11
1754065320025 0.9957607159679699 12
1754065490369 0.9976448422044277 13
1754065660640 0.9995289684408856 14
1754065830902 0.9967027790861988 15
1754066001265 0.9957607159679699 16
1754066171552 0.9985869053226566 17
1754066341782 1.0 18
1754066512120 0.9962317475270843 19
1754066682415 0.9976448422044277 20
1754066870036 0.9952896844088553 21
1754067040403 0.9915214319359397 22
1754067210740 0.9962317475270843 23
1754067381038 0.999057936881771 24
1754067551260 1.0 25
1754067721507 0.9995289684408856 26
1754067891792 1.0 27
1754068062047 1.0 28
1754068232339 1.0 29
1754068402618 1.0 30
1754068572915 1.0 31
1754068743170 1.0 32
1754068913422 1.0 33
1754069083653 1.0 34
1754069253971 0.9962317475270843 35
1754069424310 0.9802166745171926 36
1754069594595 0.9919924634950542 37
1754069764951 1.0 38
1754069935249 0.9981158737635422 39
1754070105539 0.9981158737635422 40
1754070275775 1.0 41
1754070446060 1.0 42
1754070616284 1.0 43
1754070786507 0.9976448422044277 44
1754070956770 0.9901083372585964 45
1754071127009 1.0 46
1754071297284 1.0 47
1754071467609 0.999057936881771 48
1754071637911 0.9962317475270843 49
