1754063179659 0.8917501192179303 0
1754063398577 0.9805779251539555 1
1754063585899 0.9852169766332857 2
1754063757101 0.9776744186046512 3
1754063940959 0.99581589958159 4
1754064111314 0.9962013295346629 5
1754064281634 0.9908521906596052 6
1754064451888 0.9844606946983547 7
1754064622150 0.9971209213051823 8
1754064792431 0.9953401677539608 9
1754064962662 0.9990196078431373 10
1754065149674 0.9966394623139702 11
1754065320029 0.995736617716722 12
1754065490372 0.997692662667282 13
1754065660644 0.9995262908574135 14
1754065830906 0.9967213114754099 15
1754066001269 0.9957607159679698 16
1754066171555 0.9985500241662639 17
1754066341786 1.0 18
1754066512124 0.9963065558633426 19
1754066682419 0.9975949975949976 20
1754066870040 0.9952290076335878 21
1754067040408 0.9915492957746479 22
1754067210745 0.9960899315738024 23
1754067381041 0.9990530303030303 24
1754067551263 1.0 25
1754067721511 0.9995240361732509 26
1754067891795 1.0 27
1754068062050 1.0 28
1754068232342 1.0 29
1754068402621 1.0 30
1754068572920 1.0 31
1754068743174 1.0 32
1754068913425 1.0 33
1754069083657 1.0 34
1754069253974 0.996316758747698 35
1754069424313 0.9805735430157261 36
1754069594598 0.9919621749408983 37
1754069764954 1.0 38
1754069935252 0.9980916030534351 39
1754070105543 0.9980806142034548 40
1754070275779 1.0 41
1754070446063 1.0 42
1754070616288 1.0 43
1754070786511 0.9976292081555239 44
1754070956773 0.99033594109526 45
1754071127012 1.0 46
1754071297288 1.0 47
1754071467613 0.999071494893222 48
1754071637915 0.9961941008563273 49
