1754874181881 0.8479763079960514 0
1754874393377 0.9684111268269684 1
1754874574163 0.9872922776148583 2
1754874754669 0.994407727503813 3
1754874921740 0.9956542732979238 4
1754875101448 0.9990566037735849 5
1754875267827 0.9980787704130644 6
1754875433813 0.9947140797693416 7
1754875599986 0.995732574679943 8
1754875782132 1.0 9
1754875947783 0.9985372988785958 10
1754876114023 0.9995051954477981 11
1754876281011 0.9985344406448461 12
1754876448066 0.9985111662531018 13
1754876614185 0.9995226730310262 14
1754876779753 1.0 15
1754876958408 0.999009900990099 16
1754877124086 0.9985802176999526 17
1754877289689 0.9995226730310262 18
1754877455297 0.998046875 19
1754877620794 0.9995213020584012 20
1754877786351 1.0 21
1754877951848 0.9995032290114257 22
1754878117366 0.9985257985257985 23
1754878282906 0.9985387238188017 24
1754878448500 0.9975478175576262 25
1754878614000 0.9981308411214953 26
1754878779596 0.9995157384987894 27
1754878945167 1.0 28
1754879110664 1.0 29
1754879276231 1.0 30
1754879441804 1.0 31
1754879607276 1.0 32
1754879772792 0.9995262908574135 33
1754879938355 0.9986078886310905 34
1754880103890 0.9984779299847794 35
1754880269327 1.0 36
1754880434912 1.0 37
1754880600448 0.9970472440944882 38
1754880765956 1.0 39
1754880931582 0.9995217599234816 40
1754881097062 1.0 41
1754881262686 1.0 42
1754881428103 1.0 43
1754881593543 0.9990671641791045 44
1754881758992 1.0 45
1754881924410 1.0 46
1754882089912 1.0 47
1754882255384 0.999530736743313 48
1754882420879 1.0 49
