1754874181877 0.8504854368932039 0
1754874393373 0.9674757281553398 1
1754874574159 0.987378640776699 2
1754874754664 0.9946601941747573 3
1754874921736 0.9956310679611651 4
1754875101444 0.9990291262135922 5
1754875267823 0.9980582524271845 6
1754875433808 0.9946601941747573 7
1754875599981 0.9956310679611651 8
1754875782128 1.0 9
1754875947779 0.9985436893203884 10
1754876114008 0.9995145631067961 11
1754876281007 0.9985436893203884 12
1754876448061 0.9985436893203884 13
1754876614181 0.9995145631067961 14
1754876779749 1.0 15
1754876958404 0.9990291262135922 16
1754877124081 0.9985436893203884 17
1754877289685 0.9995145631067961 18
1754877455293 0.9980582524271845 19
1754877620790 0.9995145631067961 20
1754877786347 1.0 21
1754877951844 0.9995145631067961 22
1754878117362 0.9985436893203884 23
1754878282901 0.9985436893203884 24
1754878448496 0.9975728155339806 25
1754878613995 0.9980582524271845 26
1754878779591 0.9995145631067961 27
1754878945163 1.0 28
1754879110660 1.0 29
1754879276227 1.0 30
1754879441800 1.0 31
1754879607272 1.0 32
1754879772786 0.9995145631067961 33
1754879938351 0.9985436893203884 34
1754880103886 0.9985436893203884 35
1754880269322 1.0 36
1754880434906 1.0 37
1754880600442 0.9970873786407767 38
1754880765952 1.0 39
1754880931577 0.9995145631067961 40
1754881097056 1.0 41
1754881262682 1.0 42
1754881428099 1.0 43
1754881593538 0.9990291262135922 44
1754881758988 1.0 45
1754881924406 1.0 46
1754882089908 1.0 47
1754882255380 0.9995145631067961 48
1754882420875 1.0 49
