1754045077978 0.8503048780487805 0
1754045430935 0.9301829268292683 1
1754045694621 0.9634146341463414 2
1754045957505 0.9801829268292683 3
1754046236564 0.9868902439024391 4
1754046499699 0.9945121951219512 5
1754046762787 0.9957317073170732 6
1754047025829 0.9942073170731708 7
1754047288816 0.9960365853658537 8
1754047551752 0.9948170731707318 9
1754047814644 0.9957317073170732 10
1754048077436 0.9954268292682927 11
1754048340334 0.9969512195121951 12
1754048603204 0.9963414634146341 13
1754048866019 0.9966463414634147 14
1754049128764 0.9975609756097561 15
1754049391434 0.9978658536585366 16
1754049654177 0.9966463414634147 17
1754049917006 0.9996951219512196 18
1754050179880 0.9984756097560976 19
1754050442687 0.9963414634146341 20
1754050705583 0.9963414634146341 21
1754050968478 0.9981707317073171 22
1754051231439 0.9972560975609757 23
1754051494311 0.999390243902439 24
1754051757156 0.9984756097560976 25
1754052020064 0.998780487804878 26
1754052282940 0.998780487804878 27
1754052545835 1.0 28
1754052808645 0.9972560975609757 29
1754053071405 0.9975609756097561 30
1754053334239 0.999390243902439 31
1754053597176 0.998780487804878 32
1754053860162 0.998780487804878 33
1754054123180 0.999390243902439 34
1754054386174 0.9975609756097561 35
1754054649041 0.9984756097560976 36
1754054911918 0.9984756097560976 37
1754055174751 0.998780487804878 38
1754055437586 0.9990853658536586 39
1754055700437 0.9969512195121951 40
1754055963351 0.9981707317073171 41
1754056226220 0.9990853658536586 42
1754056488974 0.999390243902439 43
1754056751790 0.998780487804878 44
1754057014595 0.9984756097560976 45
1754057277480 0.999390243902439 46
1754057540337 0.999390243902439 47
1754057803267 1.0 48
1754058066220 0.9996951219512196 49
