1754045077982 0.8414594769131418 0
1754045430939 0.9292117465224112 1
1754045694625 0.962640099626401 2
1754045957508 0.9798823893531414 3
1754046236568 0.9865076874803891 4
1754046499703 0.9944512946979038 5
1754046762792 0.9958183990442055 6
1754047025835 0.9940382805145905 7
1754047288820 0.9960972680876614 8
1754047551755 0.9948500454407756 9
1754047814647 0.9958992384299942 10
1754048077440 0.9954198473282442 11
1754048340337 0.9969660194174758 12
1754048603208 0.9963031423290203 13
1754048866023 0.9965785381026439 14
1754049128768 0.9975429975429976 15
1754049391438 0.997825411618515 16
1754049654180 0.9966616084977238 17
1754049917009 0.9996957712199573 18
1754050179883 0.9984971445746921 19
1754050442691 0.9964007198560288 20
1754050705587 0.9963436928702011 21
1754050968482 0.9981684981684982 22
1754051231443 0.997289972899729 23
1754051494314 0.9993849938499385 24
1754051757160 0.9985105749180816 25
1754052020069 0.9987900786448881 26
1754052282944 0.9987646695491044 27
1754052545838 1.0 28
1754052808649 0.9973158365642708 29
1754053071409 0.997583081570997 30
1754053334243 0.9994033412887828 31
1754053597179 0.9987468671679197 32
1754053860167 0.9987987987987987 33
1754054123184 0.9993894993894994 34
1754054386180 0.9975654290931224 35
1754054649046 0.9984714154692755 36
1754054911922 0.9984081502706145 37
1754055174756 0.9987349778621125 38
1754055437590 0.9990668740279938 39
1754055700441 0.9969249692496925 40
1754055963355 0.9981424148606811 41
1754056226223 0.9990800367985281 42
1754056488977 0.9993722536095417 43
1754056751795 0.998813056379822 44
1754057014599 0.9984980474617001 45
1754057277485 0.9994040524433849 46
1754057540341 0.9994015559545182 47
1754057803271 1.0 48
1754058066225 0.9996870109546165 49
