1754895939095 0.6947115384615384 0
1754896048202 0.8978365384615384 1
1754896130245 0.9651442307692307 2
1754896198556 0.9711538461538461 3
1754896266520 0.9939903846153846 4
1754896351838 0.9891826923076923 5
1754896419610 0.9963942307692307 6
1754896487408 0.9963942307692307 7
1754896555299 1.0 8
1754896623860 0.9975961538461539 9
1754896692298 0.9987980769230769 10
1754896761195 1.0 11
1754896830235 1.0 12
1754896898983 1.0 13
1754896968068 1.0 14
1754897037256 0.9987980769230769 15
1754897105007 0.9903846153846154 16
1754897172744 0.9963942307692307 17
1754897240457 0.9951923076923077 18
1754897308517 0.9987980769230769 19
1754897376346 0.9951923076923077 20
1754897445230 0.9963942307692307 21
1754897513432 0.9951923076923077 22
1754897582606 0.9975961538461539 23
1754897650413 1.0 24
1754897718513 1.0 25
1754897786391 0.9963942307692307 26
1754897854121 1.0 27
1754897922688 0.9939903846153846 28
1754897990626 0.9951923076923077 29
1754898058733 1.0 30
1754898126484 0.9963942307692307 31
1754898194246 1.0 32
1754898262017 0.9987980769230769 33
1754898329771 0.9987980769230769 34
1754898397461 1.0 35
1754898465208 1.0 36
1754898532882 0.9975961538461539 37
1754898613370 0.9951923076923077 38
1754898681403 0.9963942307692307 39
1754898749050 1.0 40
1754898816999 1.0 41
1754898884748 0.9987980769230769 42
1754898952578 0.9975961538461539 43
1754899020319 0.9975961538461539 44
1754899104987 1.0 45
1754899172618 0.9975961538461539 46
1754899240356 0.9987980769230769 47
