1754895939101 0.7292110874200427 0
1754896048206 0.8944099378881988 1
1754896130249 0.965435041716329 2
1754896198560 0.9726027397260274 3
1754896266525 0.9940405244338498 4
1754896351842 0.9892984542211652 5
1754896419615 0.996319018404908 6
1754896487413 0.9962917181705809 7
1754896555304 1.0 8
1754896623865 0.9975786924939467 9
1754896692302 0.998769987699877 10
1754896761199 1.0 11
1754896830239 1.0 12
1754896898988 1.0 13
1754896968072 1.0 14
1754897037260 0.998769987699877 15
1754897105011 0.9903614457831326 16
1754897172749 0.9962453066332916 17
1754897240462 0.9951573849878934 18
1754897308522 0.9987995198079231 19
1754897376350 0.994818652849741 20
1754897445234 0.9963008631319359 21
1754897513437 0.995085995085995 22
1754897582609 0.9974424552429667 23
1754897650417 1.0 24
1754897718519 1.0 25
1754897786395 0.9963008631319359 26
1754897854127 1.0 27
1754897922693 0.9942329873125721 28
1754897990630 0.9952038369304557 29
1754898058738 1.0 30
1754898126488 0.9962732919254659 31
1754898194250 1.0 32
1754898262022 0.9987995198079231 33
1754898329776 0.9987878787878788 34
1754898397465 1.0 35
1754898465214 1.0 36
1754898532886 0.9977728285077951 37
1754898613374 0.9952038369304557 38
1754898681407 0.9964747356051704 39
1754898749054 1.0 40
1754898817004 1.0 41
1754898884752 0.9987878787878788 42
1754898952583 0.9974489795918368 43
1754899020323 0.9975490196078431 44
1754899104991 1.0 45
1754899172623 0.9976851851851852 46
1754899240360 0.998819362455726 47
