1758213010577 0.8157894736842104 0
1758213219652 0.9313621964097147 1
1758213414295 0.9667812142038946 2
1758213582000 0.9870410367170628 3
1758213776075 0.9988331388564761 4
1758213943791 0.9956331877729258 5
1758214111578 0.9924812030075189 6
1758214305197 0.9944751381215469 7
1758214472949 0.9904761904761904 8
1758214640838 0.9899665551839465 9
1758214808546 0.9818181818181818 10
1758214976202 0.9989327641408752 11
1758215143741 0.9988571428571429 12
1758215311487 0.9934640522875816 13
1758215479439 0.9889867841409692 14
1758215647207 0.9930715935334873 15
1758215814811 1.0 16
1758215982513 1.0 17
1758216150254 1.0 18
1758216318061 1.0 19
1758216485808 1.0 20
1758216653531 1.0 21
1758216821151 1.0 22
1758216988975 1.0 23
1758217156845 1.0 24
1758217324541 1.0 25
1758217492261 1.0 26
1758217660007 1.0 27
1758217827847 1.0 28
1758217995675 1.0 29
1758218163372 1.0 30
1758218330999 1.0 31
1758218498695 1.0 32
1758218666463 1.0 33
1758218834257 1.0 34
1758219001839 1.0 35
1758219169396 1.0 36
1758219337270 1.0 37
1758219505023 1.0 38
1758219672768 1.0 39
1758219840524 1.0 40
1758220008161 1.0 41
1758220176010 1.0 42
1758220343696 1.0 43
1758220511445 1.0 44
1758220679224 1.0 45
1758220846840 1.0 46
1758221014610 1.0 47
1758221182316 1.0 48
1758221349918 1.0 49
