1758213010575 0.8159912376779846 0
1758213219650 0.9288061336254108 1
1758213414294 0.968236582694414 2
1758213581998 0.9868565169769989 3
1758213776073 0.9989047097480832 4
1758213943789 0.9956188389923329 5
1758214111577 0.9923329682365827 6
1758214305195 0.9945235487404163 7
1758214472947 0.9901423877327492 8
1758214640836 0.9901423877327492 9
1758214808544 0.9824753559693319 10
1758214976200 0.9989047097480832 11
1758215143739 0.9989047097480832 12
1758215311486 0.9934282584884995 13
1758215479437 0.9890470974808324 14
1758215647205 0.9934282584884995 15
1758215814810 1.0 16
1758215982511 1.0 17
1758216150252 1.0 18
1758216318060 1.0 19
1758216485806 1.0 20
1758216653530 1.0 21
1758216821149 1.0 22
1758216988973 1.0 23
1758217156843 1.0 24
1758217324539 1.0 25
1758217492258 1.0 26
1758217660006 1.0 27
1758217827845 1.0 28
1758217995674 1.0 29
1758218163371 1.0 30
1758218330996 1.0 31
1758218498694 1.0 32
1758218666461 1.0 33
1758218834255 1.0 34
1758219001838 1.0 35
1758219169394 1.0 36
1758219337268 1.0 37
1758219505021 1.0 38
1758219672767 1.0 39
1758219840522 1.0 40
1758220008159 1.0 41
1758220176009 1.0 42
1758220343694 1.0 43
1758220511443 1.0 44
1758220679223 1.0 45
1758220846838 1.0 46
1758221014608 1.0 47
1758221182315 1.0 48
1758221349916 1.0 49
