1758162407296 0.49372384937238495 0
1758162846099 0.5865814696485623 1
1758163260844 0.6055625790139065 2
1758163677567 0.2863924050632911 3
1758164066570 0.8428645028335909 4
1758164479492 0.9615384615384617 5
1758164897376 0.9726295210166178 6
1758165286438 0.975397973950796 7
1758165675222 0.9891458235016517 8
1758166064029 0.9919545669663985 9
1758166452796 0.9884393063583814 10
1758166841547 0.9902912621359223 11
1758167230481 0.9925093632958801 12
1758167619221 0.9913793103448276 13
1758168037067 0.992874109263658 14
1758168425912 0.995675156174916 15
1758168814697 0.9981024667931688 16
1758169203495 0.995366079703429 17
1758169591989 0.9944649446494465 18
1758169980731 0.9928605425987624 19
1758170369574 1.0 20
1758170758310 0.9938417811463761 21
1758171146940 0.9966459032103497 22
1758171535739 0.9981220657276997 23
1758171924494 0.9961941008563273 24
1758172313370 0.9981185324553152 25
1758172732539 0.9971153846153846 26
1758173121584 0.991362763915547 27
1758173510401 0.99812734082397 28
1758173930061 1.0 29
1758174319082 1.0 30
1758174708040 1.0 31
1758175096861 1.0 32
1758175485824 1.0 33
1758175874957 1.0 34
1758176263993 1.0 35
1758176676536 1.0 36
1758177092500 1.0 37
1758177481380 1.0 38
1758177870156 1.0 39
1758178258987 1.0 40
1758178647816 1.0 41
1758179036611 1.0 42
1758179425591 1.0 43
1758179814574 1.0 44
1758180202961 1.0 45
1758180590790 1.0 46
1758180978283 1.0 47
1758181365377 1.0 48
1758181752403 1.0 49
