1758162407294 0.6580310880829016 0
1758162846097 0.6952425812529439 1
1758163260842 0.7060763071125765 2
1758163677565 0.5751295336787565 3
1758164066568 0.8563353744700894 4
1758164479490 0.9613754121526142 5
1758164897374 0.9736222326895903 6
1758165286437 0.9759773904851625 7
1758165675221 0.9891662741403674 8
1758166064027 0.9919924634950542 9
1758166452794 0.988695242581253 10
1758166841546 0.9901083372585964 11
1758167230479 0.9924634950541686 12
1758167619220 0.9915214319359397 13
1758168037065 0.9929345266132831 14
1758168425910 0.9957607159679699 15
1758168814695 0.9981158737635422 16
1758169203494 0.9952896844088553 17
1758169591987 0.9943476212906265 18
1758169980729 0.9929345266132831 19
1758170369572 1.0 20
1758170758307 0.993876589731512 21
1758171146938 0.9967027790861988 22
1758171535737 0.9981158737635422 23
1758171924493 0.9962317475270843 24
1758172313368 0.9981158737635422 25
1758172732537 0.9971738106453132 26
1758173121581 0.9915214319359397 27
1758173510399 0.9981158737635422 28
1758173930059 1.0 29
1758174319080 1.0 30
1758174708039 1.0 31
1758175096859 1.0 32
1758175485822 1.0 33
1758175874955 1.0 34
1758176263991 1.0 35
1758176676534 1.0 36
1758177092498 1.0 37
1758177481378 1.0 38
1758177870155 1.0 39
1758178258985 1.0 40
1758178647814 1.0 41
1758179036610 1.0 42
1758179425589 1.0 43
1758179814572 1.0 44
1758180202959 1.0 45
1758180590788 1.0 46
1758180978281 1.0 47
1758181365375 1.0 48
1758181752401 1.0 49
