1755042340620 0.5073746312684365 0
1755042386341 0.8983050847457628 1
1755042435831 0.9789227166276346 2
1755042471753 0.99 3
1755042522263 0.9951923076923077 4
1755042574383 0.9977011494252873 5
1755042609797 1.0 6
1755042645335 1.0 7
1755042694347 1.0 8
1755042729776 1.0 9
1755042765217 1.0 10
1755042800695 1.0 11
1755042836185 1.0 12
1755042872470 0.9977827050997783 13
1755042909017 1.0 14
1755042945639 1.0 15
1755042982195 1.0 16
1755043018659 1.0 17
1755043055895 1.0 18
1755043092413 1.0 19
1755043128387 1.0 20
1755043164715 1.0 21
1755043200989 1.0 22
1755043237044 1.0 23
1755043272851 0.9976019184652278 24
1755043308322 1.0 25
1755043343760 1.0 26
1755043379523 1.0 27
1755043415517 1.0 28
1755043451056 1.0 29
1755043487106 1.0 30
1755043522491 1.0 31
1755043558370 1.0 32
1755043594787 1.0 33
1755043630679 1.0 34
1755043666808 1.0 35
1755043703183 1.0 36
1755043740311 1.0 37
1755043778485 1.0 38
1755043815693 1.0 39
1755043862616 1.0 40
1755043898177 1.0 41
1755043934374 1.0 42
1755043969953 1.0 43
1755044006029 1.0 44
1755044041726 1.0 45
1755044077771 1.0 46
1755044113434 1.0 47
1755044149359 0.9975550122249389 48
1755044185095 1.0 49
