1755042340614 0.6125290023201856 0
1755042386336 0.9164733178654292 1
1755042435824 0.9791183294663574 2
1755042471750 0.9907192575406032 3
1755042522258 0.9953596287703016 4
1755042574379 0.9976798143851509 5
1755042609793 1.0 6
1755042645329 1.0 7
1755042694343 1.0 8
1755042729772 1.0 9
1755042765213 1.0 10
1755042800691 1.0 11
1755042836181 1.0 12
1755042872466 0.9976798143851509 13
1755042909012 1.0 14
1755042945635 1.0 15
1755042982191 1.0 16
1755043018654 1.0 17
1755043055878 1.0 18
1755043092409 1.0 19
1755043128383 1.0 20
1755043164710 1.0 21
1755043200985 1.0 22
1755043237038 1.0 23
1755043272847 0.9976798143851509 24
1755043308317 1.0 25
1755043343755 1.0 26
1755043379519 1.0 27
1755043415513 1.0 28
1755043451051 1.0 29
1755043487101 1.0 30
1755043522487 1.0 31
1755043558366 1.0 32
1755043594783 1.0 33
1755043630674 1.0 34
1755043666804 1.0 35
1755043703178 1.0 36
1755043740307 1.0 37
1755043778479 1.0 38
1755043815689 1.0 39
1755043862611 1.0 40
1755043898173 1.0 41
1755043934369 1.0 42
1755043969948 1.0 43
1755044006025 1.0 44
1755044041722 1.0 45
1755044077767 1.0 46
1755044113430 1.0 47
1755044149354 0.9976798143851509 48
1755044185091 1.0 49
