1758158055175 0.8097447795823666 0
1758158164519 0.9651972157772621 1
1758158244438 0.9767981438515081 2
1758158350601 0.9837587006960556 3
1758158454096 0.988399071925754 4
1758158533599 0.988399071925754 5
1758158613193 0.988399071925754 6
1758158692700 0.9953596287703016 7
1758158772213 1.0 8
1758158851716 0.9907192575406032 9
1758158931265 0.9930394431554525 10
1758159010806 0.988399071925754 11
1758159090320 0.988399071925754 12
1758159169840 1.0 13
1758159249362 0.9860788863109049 14
1758159329032 0.9814385150812065 15
1758159408585 0.9976798143851509 16
1758159488197 0.9953596287703016 17
1758159567700 1.0 18
1758159647180 1.0 19
1758159726695 1.0 20
1758159806340 1.0 21
1758159885877 1.0 22
1758159965460 1.0 23
1758160045039 1.0 24
1758160124558 1.0 25
1758160204215 1.0 26
1758160283747 1.0 27
1758160363305 1.0 28
1758160442837 1.0 29
1758160522373 1.0 30
1758160602105 1.0 31
1758160681640 1.0 32
1758160761144 1.0 33
1758160840616 1.0 34
1758160920195 1.0 35
1758160999721 1.0 36
1758161079299 1.0 37
1758161158916 1.0 38
1758161238386 1.0 39
1758161317994 1.0 40
1758161397626 1.0 41
1758161477275 1.0 42
1758161556719 1.0 43
1758161636272 1.0 44
1758161715779 1.0 45
1758161795349 1.0 46
1758161874849 1.0 47
1758161954437 1.0 48
1758162033900 1.0 49
