1758158055177 0.8075117370892019 0
1758158164521 0.9625935162094762 1
1758158244440 0.9767441860465116 2
1758158350603 0.9838337182448037 3
1758158454098 0.989010989010989 4
1758158533601 0.9885057471264368 5
1758158613195 0.9883449883449883 6
1758158692701 0.9953917050691244 7
1758158772215 1.0 8
1758158851718 0.9895287958115183 9
1758158931267 0.9930394431554525 10
1758159010808 0.988009592326139 11
1758159090322 0.9887640449438202 12
1758159169843 1.0 13
1758159249364 0.9867256637168141 14
1758159329033 0.9810426540284362 15
1758159408588 0.9977116704805492 16
1758159488198 0.9952830188679245 17
1758159567702 1.0 18
1758159647183 1.0 19
1758159726697 1.0 20
1758159806343 1.0 21
1758159885879 1.0 22
1758159965462 1.0 23
1758160045041 1.0 24
1758160124560 1.0 25
1758160204217 1.0 26
1758160283748 1.0 27
1758160363307 1.0 28
1758160442839 1.0 29
1758160522375 1.0 30
1758160602107 1.0 31
1758160681642 1.0 32
1758160761145 1.0 33
1758160840619 1.0 34
1758160920197 1.0 35
1758160999723 1.0 36
1758161079300 1.0 37
1758161158918 1.0 38
1758161238388 1.0 39
1758161317996 1.0 40
1758161397628 1.0 41
1758161477277 1.0 42
1758161556721 1.0 43
1758161636274 1.0 44
1758161715781 1.0 45
1758161795351 1.0 46
1758161874851 1.0 47
1758161954439 1.0 48
1758162033902 1.0 49
