1754071917555 0.8598484848484849 0
1754072268230 0.9659294680215182 1
1754072554164 0.9878197320341047 2
1754072842361 0.9930743751881963 3
1754073114109 0.9942925803544609 4
1754073385795 0.9967770290067389 5
1754073674096 0.9975859987929994 6
1754073946001 0.9974055923897377 7
1754074217871 0.9984917043740573 8
1754074489674 0.9973443493655946 9
1754074761436 0.9984704802691954 10
1754075033218 0.9994155464640561 11
1754075304944 0.9984962406015038 12
1754075576728 0.9985034420832087 13
1754075848484 0.9976387249114522 14
1754076120087 0.9993872549019608 15
1754076391694 0.998812351543943 16
1754076663389 0.9969493593654667 17
1754076935073 0.9991301826616411 18
1754077206674 0.9990900818926297 19
1754077478234 0.9997001499250375 20
1754077749855 0.9988378849506101 21
1754078021489 0.9997052755673446 22
1754078293167 0.9993909866017052 23
1754078564687 0.9997061416397296 24
1754078836329 0.9988344988344989 25
1754079107939 0.9994033412887827 26
1754079379516 0.9988088147706968 27
1754079651203 0.9982476635514018 28
1754079922806 0.9982195845697329 29
1754080194403 0.9997049277072882 30
1754080466067 1.0 31
1754080737643 0.997924696116217 32
1754081009296 0.9994107248084856 33
1754081280951 0.9994022713687986 34
1754081552564 0.9984871406959153 35
1754081824238 0.9994015559545182 36
1754082095845 0.9982089552238805 37
1754082367403 0.9997045790251108 38
1754082638912 0.9994093325457767 39
1754082910445 0.9994162288382954 40
1754083182080 0.999087868653086 41
1754083453617 0.9993964996982498 42
1754083725189 0.9997156667614443 43
1754083996751 0.9997081995914795 44
1754084268153 1.0 45
1754084539566 0.9976580796252927 46
1754084811131 0.9976218787158145 47
1754085082797 0.9991356957649093 48
1754085368397 0.9982456140350877 49
1754085656878 0.9997005091344713 50
1754085929033 1.0 51
1754086218446 1.0 52
1754086490737 0.9994008388256441 53
1754086762907 1.0 54
1754087034973 0.9997003296373989 55
1754087306851 0.9985298441634813 56
1754087578644 0.9988214496169712 57
1754087850321 0.9994110718492344 58
1754088121657 0.9994100294985251 59
