1754071917551 0.8688718251624336 0
1754072268226 0.9663319551092735 1
1754072554158 0.9881866509155346 2
1754072842357 0.9932073242764323 3
1754073114105 0.994388659184879 4
1754073385791 0.996751329001772 5
1754073674092 0.997637330183107 6
1754073945998 0.9973419964559953 7
1754074217868 0.9985233313644418 8
1754074489670 0.9973419964559953 9
1754074761431 0.9985233313644418 10
1754075033214 0.9994093325457767 11
1754075304939 0.9985233313644418 12
1754075576724 0.9985233313644418 13
1754075848480 0.997637330183107 14
1754076120082 0.9994093325457767 15
1754076391691 0.9988186650915535 16
1754076663384 0.9970466627288836 17
1754076935069 0.9991139988186651 18
1754077206670 0.9991139988186651 19
1754077478230 0.9997046662728883 20
1754077749850 0.9988186650915535 21
1754078021485 0.9997046662728883 22
1754078293163 0.9994093325457767 23
1754078564683 0.9997046662728883 24
1754078836324 0.9988186650915535 25
1754079107935 0.9994093325457767 26
1754079379513 0.9988186650915535 27
1754079651199 0.9982279976373302 28
1754079922802 0.9982279976373302 29
1754080194399 0.9997046662728883 30
1754080466064 1.0 31
1754080737639 0.9979326639102185 32
1754081009291 0.9994093325457767 33
1754081280948 0.9994093325457767 34
1754081552560 0.9985233313644418 35
1754081824234 0.9994093325457767 36
1754082095842 0.9982279976373302 37
1754082367400 0.9997046662728883 38
1754082638908 0.9994093325457767 39
1754082910441 0.9994093325457767 40
1754083182075 0.9991139988186651 41
1754083453613 0.9994093325457767 42
1754083725184 0.9997046662728883 43
1754083996746 0.9997046662728883 44
1754084268149 1.0 45
1754084539562 0.997637330183107 46
1754084811127 0.997637330183107 47
1754085082793 0.9991139988186651 48
1754085368393 0.9982279976373302 49
1754085656874 0.9997046662728883 50
1754085929027 1.0 51
1754086218441 1.0 52
1754086490731 0.9994093325457767 53
1754086762904 1.0 54
1754087034969 0.9997046662728883 55
1754087306848 0.9985233313644418 56
1754087578640 0.9988186650915535 57
1754087850316 0.9994093325457767 58
1754088121654 0.9994093325457767 59
