1755066820555 0.7371303395399781 0
1755066931544 0.9178532311062432 1
1755067006091 0.9539978094194962 2
1755067097452 0.9956188389923329 3
1755067171704 0.9989047097480832 4
1755067245981 0.9989047097480832 5
1755067320205 0.9989047097480832 6
1755067394454 1.0 7
1755067468778 1.0 8
1755067555453 1.0 9
1755067642883 1.0 10
1755067717052 1.0 11
1755067791415 1.0 12
1755067865735 1.0 13
1755067940047 1.0 14
1755068031002 1.0 15
1755068105213 1.0 16
1755068179999 0.9945235487404163 17
1755068255397 0.9857612267250822 18
1755068346569 0.9989047097480832 19
1755068420911 1.0 20
1755068509133 0.9989047097480832 21
1755068583427 1.0 22
1755068657691 1.0 23
1755068731953 1.0 24
1755068806230 1.0 25
1755068880473 0.9934282584884995 26
1755068954729 0.9978094194961665 27
1755069029036 0.9989047097480832 28
1755069103372 1.0 29
1755069177624 1.0 30
1755069251871 1.0 31
1755069326127 1.0 32
1755069400346 1.0 33
1755069475085 1.0 34
1755069550313 1.0 35
1755069624999 0.9835706462212487 36
1755069699459 0.9978094194961665 37
1755069774164 0.9956188389923329 38
1755069850082 1.0 39
1755069925278 1.0 40
1755070000518 1.0 41
1755070075663 1.0 42
1755070150074 1.0 43
1755070224791 1.0 44
1755070299740 1.0 45
1755070374137 1.0 46
1755070448908 1.0 47
1755070523597 1.0 48
1755070599296 0.9978094194961665 49
