1755066820561 0.7129186602870814 0
1755066931549 0.9163879598662207 1
1755067006095 0.9538461538461539 2
1755067097456 0.9956043956043956 3
1755067171709 0.9989281886387995 4
1755067245985 0.9989327641408752 5
1755067320209 0.9989462592202318 6
1755067394459 1.0 7
1755067468782 1.0 8
1755067555458 1.0 9
1755067642887 1.0 10
1755067717056 1.0 11
1755067791419 1.0 12
1755067865740 1.0 13
1755067940051 1.0 14
1755068031006 1.0 15
1755068105216 1.0 16
1755068180003 0.9945474372955289 17
1755068255401 0.985884907709012 18
1755068346574 0.9989888776541962 19
1755068420915 1.0 20
1755068509137 0.9989235737351991 21
1755068583431 1.0 22
1755068657695 1.0 23
1755068731957 1.0 24
1755068806235 1.0 25
1755068880478 0.9929411764705881 26
1755068954734 0.9978768577494692 27
1755069029040 0.9989071038251366 28
1755069103377 1.0 29
1755069177628 1.0 30
1755069251875 1.0 31
1755069326132 1.0 32
1755069400351 1.0 33
1755069475089 1.0 34
1755069550317 1.0 35
1755069625004 0.9836779107725789 36
1755069699463 0.9978586723768736 37
1755069774169 0.9955257270693513 38
1755069850087 1.0 39
1755069925282 1.0 40
1755070000522 1.0 41
1755070075668 1.0 42
1755070150078 1.0 43
1755070224796 1.0 44
1755070299745 1.0 45
1755070374141 1.0 46
1755070448916 1.0 47
1755070523602 1.0 48
1755070599300 0.9977324263038548 49
